╟╒жЛ 981 95 223 7061.5 56
╟╒во 1134 110 279 6376 56
╟Ожз 90 17 46 8923 75
╥╤ФХ 87 13 31 425.5 85
╦жух 64 30 37 2232 110
╬шом 108 22 29 1866.5 74
╬шомв╞ 66 20 23 1775.33 74
аИПу╧╛ 156 53 49 3289 113
аЫбЖиЯ╫ё 145 33 39 9146 105
гг╥Е 1113 104 305 1420 45
х╨╨ю 142 35 72 5036.5 284
хМ╠ч 43 22 24 2831.5 54
иа╣ГУУ 59 24 39 5332 40
иЛж╦ 42 19 27 8396 51
иУВА 63 21 31 6799 42
л╥╧╚ 105 22 50 3084.5 9
л╥фе 109 26 66 628 9
м╞юя 583 87 179 1266 86
пгкчеи 194 52 52 9048.33 341
пЧ╢х 240 45 79 953.5 34
пЧ╢х╥╫уи 58 21 33 4028 34
пЧ╤и 48 19 27 1655 34
пЧ╪е 95 16 44 715.5 34
пЧдя 266 51 93 9862.5 34
я╕иЯр╫ 148 31 82 4756 5
сЧ╤Ы 62 19 30 8634.5 56
уфа╕ 162 61 79 9745.5 122
жсаИ 439 62 153 3454.5 191
ГнГ©╥Е 85 30 23 804.667 1
УУ╤Ы 45 18 33 7900 7
